0.013995338824717485
0.014038920965132928
0.03141649044297057
0.038071914056276523
0.05798739000459041
0.05863747285140264
0.06132184256007078
0.06572229586440193
0.0912660788471189
0.10946548267575051
0.11363887616595669
0.11670856580231626
0.12709196681277002
0.14068285013762605
0.15391895115855392
0.17552254899593056
0.20439240781581858
0.20954099156821382
0.21553537219569263
0.24332539513368856
0.2457462821359806
0.251574180637536
0.2787356717777544
0.2865703530169782
0.29386482717515783
0.2959241955925421
0.3252649176136003
0.3322374208829497
0.3357144202726463
0.3408191211889411
0.3432142494453412
0.34553997822939
0.3488760202624497
0.35890503292348186
0.3805098566456411
0.394697046465569
0.4035332495038726
0.4045931458929163
0.40934863468806215
0.410625597147135
0.41631428528864534
0.42564490025669277
0.4316356011772312
0.44084685233337584
0.45059054646520946
0.45525083895207397
0.4572955773518832
0.4748010814118798
0.4897404368361792
0.5069567920661309
0.5087263346122507
0.5180141406009915
0.5359055148839972
0.5492867891926849
0.5542107465072529
0.5554531060500623
0.5583623638014903
0.5589452747664491
0.5662496620877226
0.5704982605454855
0.5713140440870104
0.5723749940122334
0.5738156905291076
0.5963407691939608
0.6089534996620267
0.6103154131127928
0.6289646676245472
0.6501758586195446
0.6508584999329966
0.6538268886987605
0.6560551785630158
0.6566556534097082
0.6582977943767505
0.6818070476220399
0.6848173393042511
0.6849255585294061
0.714631082697361
0.7377239377920043
0.7493339713024493
0.754353730689249
0.7650744720874523
0.7680362293976654
0.7706932871469816
0.7825747390282612
0.7826246126970666
0.8351429580847514
0.8416348950287412
0.8525016815341822
0.8589892846099746
0.8665401900629558
0.8689842922599945
0.8858028963642942
0.9042666248856183
0.9217812307166818
0.9368988054444722
0.9398806567674363
0.9464834844564605
0.9547389974061045
0.9638868609187979
0.969439484281162
